"V1"	"V2"	"V3"
"1"	2953.7	2930.9	1599.7
"2"	2930.9	1599.7	1499.9
"3"	1599.7	1499.9	849.26
"4"	1499.9	849.26	813.69
"5"	849.26	813.69	1403
"6"	813.69	1403	1821
"7"	1403	1821	1340.4
"8"	1821	1340.4	1961.3
"9"	1340.4	1961.3	4212.3
"10"	1961.3	4212.3	9751
"11"	4212.3	9751	4976.8
"12"	9751	4976.8	4636.3
"13"	4976.8	4636.3	1981.2
"14"	4636.3	1981.2	1142.8
"15"	1981.2	1142.8	2236.6
"16"	1142.8	2236.6	1757.8
"17"	2236.6	1757.8	1628.6
"18"	1757.8	1628.6	2293.3
"19"	1628.6	2293.3	1991.7
"20"	2293.3	1991.7	7902
"21"	1991.7	7902	4510.1
"22"	7902	4510.1	1036.7
"23"	4510.1	1036.7	1394.4
"24"	1036.7	1394.4	2588.9
"25"	1394.4	2588.9	2208.6
"26"	2588.9	2208.6	3067.4
"27"	2208.6	3067.4	2430.7
"28"	3067.4	2430.7	1887.4
"29"	2430.7	1887.4	1523.5
"30"	1887.4	1523.5	2488.4
"31"	1523.5	2488.4	4646.4
"32"	2488.4	4646.4	3755.9
"33"	4646.4	3755.9	1429
"34"	3755.9	1429	2949.3
"35"	1429	2949.3	4680.7
"36"	2949.3	4680.7	1981.9
"37"	4680.7	1981.9	3288.2
"38"	1981.9	3288.2	2606.8
"39"	3288.2	2606.8	1555.5
"40"	2606.8	1555.5	1737.5
"41"	1555.5	1737.5	3317.1
"42"	1737.5	3317.1	5540.3
"43"	3317.1	5540.3	3412.6
"44"	5540.3	3412.6	2941.3
"45"	3412.6	2941.3	1567
"46"	2941.3	1567	826.14
"47"	1567	826.14	750.72
"48"	826.14	750.72	1862.2
"49"	750.72	1862.2	2750.2
"50"	1862.2	2750.2	9658.7
"51"	2750.2	9658.7	7909.7
"52"	9658.7	7909.7	14247
"53"	7909.7	14247	15315
"54"	14247	15315	10311
"55"	15315	10311	11807
"56"	10311	11807	39856
"57"	11807	39856	34301
"58"	39856	34301	34660
"59"	34301	34660	17659
"60"	34660	17659	20480
"61"	17659	20480	13938
"62"	20480	13938	11813
"63"	13938	11813	13647
"64"	11813	13647	6622.9
"65"	13647	6622.9	13129
"66"	6622.9	13129	7591.1
"67"	13129	7591.1	2947.5
"68"	7591.1	2947.5	4892.9
"69"	2947.5	4892.9	7406.3
"70"	4892.9	7406.3	7199.2
"71"	7406.3	7199.2	8762.4
"72"	7199.2	8762.4	3964.3
"73"	8762.4	3964.3	8427.8
"74"	3964.3	8427.8	4314.2
"75"	8427.8	4314.2	1894.3
"76"	4314.2	1894.3	5794.2
"77"	1894.3	5794.2	3357.1
"78"	5794.2	3357.1	4121.4
"79"	3357.1	4121.4	7123.8
"80"	4121.4	7123.8	8384.1
"81"	7123.8	8384.1	3473
"82"	8384.1	3473	2975.4
"83"	3473	2975.4	6142
"84"	2975.4	6142	6539.9
"85"	6142	6539.9	11176
"86"	6539.9	11176	7047.7
"87"	11176	7047.7	5253.1
"88"	7047.7	5253.1	6395.9
"89"	5253.1	6395.9	4930.7
"90"	6395.9	4930.7	5103.3
"91"	4930.7	5103.3	3882.9
"92"	5103.3	3882.9	1474.5
"93"	3882.9	1474.5	913.87
"94"	1474.5	913.87	703.85
"95"	913.87	703.85	1796.7
"96"	703.85	1796.7	850.19
"97"	1796.7	850.19	1277.5
"98"	850.19	1277.5	591.09
"99"	1277.5	591.09	887.69
"100"	591.09	887.69	3713.9
"101"	887.69	3713.9	2107.4
"102"	3713.9	2107.4	3364.6
"103"	2107.4	3364.6	6814.1
"104"	3364.6	6814.1	6399.7
"105"	6814.1	6399.7	9714.6
"106"	6399.7	9714.6	3458.3
"107"	9714.6	3458.3	3806.7
"108"	3458.3	3806.7	2388.5
"109"	3806.7	2388.5	2645
"110"	2388.5	2645	1306.2
"111"	2645	1306.2	1208
"112"	1306.2	1208	700.37
"113"	1208	700.37	322.13
"114"	700.37	322.13	702.46
"115"	322.13	702.46	1601.3
"116"	702.46	1601.3	911.72
"117"	1601.3	911.72	2564
"118"	911.72	2564	942.63
"119"	2564	942.63	1630.6
"120"	942.63	1630.6	1810
"121"	1630.6	1810	637.7
"122"	1810	637.7	677.83
"123"	637.7	677.83	739.55
"124"	677.83	739.55	2006.6
"125"	739.55	2006.6	2418.5
"126"	2006.6	2418.5	985.3
"127"	2418.5	985.3	615.42
"128"	985.3	615.42	1142.2
"129"	615.42	1142.2	777.71
"130"	1142.2	777.71	857.89
"131"	777.71	857.89	470.55
"132"	857.89	470.55	1341.2
"133"	470.55	1341.2	1744.2
"134"	1341.2	1744.2	2873.6
"135"	1744.2	2873.6	1937.3
"136"	2873.6	1937.3	955.68
"137"	1937.3	955.68	2907.6
"138"	955.68	2907.6	3625.8
"139"	2907.6	3625.8	2454.8
"140"	3625.8	2454.8	3041.9
"141"	2454.8	3041.9	3534.4
"142"	3041.9	3534.4	1325.4
"143"	3534.4	1325.4	1579.4
"144"	1325.4	1579.4	3516.4
"145"	1579.4	3516.4	4817.7
"146"	3516.4	4817.7	2711.5
"147"	4817.7	2711.5	2603.4
"148"	2711.5	2603.4	1011
"149"	2603.4	1011	1379
"150"	1011	1379	3269.1
"151"	1379	3269.1	7455.3
"152"	3269.1	7455.3	4476.3
"153"	7455.3	4476.3	4316.2
"154"	4476.3	4316.2	7243.8
"155"	4316.2	7243.8	3054.7
"156"	7243.8	3054.7	3326.9
"157"	3054.7	3326.9	2106.7
"158"	3326.9	2106.7	4521.2
"159"	2106.7	4521.2	2310.1
"160"	4521.2	2310.1	1121.8
"161"	2310.1	1121.8	1310.6
"162"	1121.8	1310.6	1590.6
"163"	1310.6	1590.6	1353.9
"164"	1590.6	1353.9	2514.6
"165"	1353.9	2514.6	723.53
"166"	2514.6	723.53	711.21
"167"	723.53	711.21	3002.8
"168"	711.21	3002.8	10830
"169"	3002.8	10830	12763
"170"	10830	12763	19534
"171"	12763	19534	29032
"172"	19534	29032	20866
"173"	29032	20866	15751
"174"	20866	15751	7718
"175"	15751	7718	3830.3
"176"	7718	3830.3	5064.1
"177"	3830.3	5064.1	3540.7
"178"	5064.1	3540.7	4012.5
"179"	3540.7	4012.5	1906
"180"	4012.5	1906	3685.1
"181"	1906	3685.1	3701.4
"182"	3685.1	3701.4	665.01
"183"	3701.4	665.01	817.44
"184"	665.01	817.44	1245.7
"185"	817.44	1245.7	4754.6
"186"	1245.7	4754.6	4137.2
"187"	4754.6	4137.2	3437.9
"188"	4137.2	3437.9	6068.3
"189"	3437.9	6068.3	13071
"190"	6068.3	13071	10171
"191"	13071	10171	7610.4
"192"	10171	7610.4	6136.7
"193"	7610.4	6136.7	6048.8
"194"	6136.7	6048.8	9672.3
"195"	6048.8	9672.3	9727.7
"196"	9672.3	9727.7	5911
"197"	9727.7	5911	11241
"198"	5911	11241	4917.8
"199"	11241	4917.8	2030.7
"200"	4917.8	2030.7	911.45
"201"	2030.7	911.45	1606.4
"202"	911.45	1606.4	1203.9
"203"	1606.4	1203.9	1519.4
"204"	1203.9	1519.4	2028.9
"205"	1519.4	2028.9	2201.9
"206"	2028.9	2201.9	1775.6
"207"	2201.9	1775.6	1410.6
"208"	1775.6	1410.6	918.13
"209"	1410.6	918.13	1042.4
"210"	918.13	1042.4	3223.4
"211"	1042.4	3223.4	1485.6
"212"	3223.4	1485.6	1650
"213"	1485.6	1650	1060
"214"	1650	1060	2040.2
"215"	1060	2040.2	2535.1
"216"	2040.2	2535.1	3112.2
"217"	2535.1	3112.2	4297.1
"218"	3112.2	4297.1	4393.7
"219"	4297.1	4393.7	4793.4
"220"	4393.7	4793.4	17136
"221"	4793.4	17136	10461
"222"	17136	10461	5713.2
"223"	10461	5713.2	10188
"224"	5713.2	10188	9316
"225"	10188	9316	16472
"226"	9316	16472	20377
"227"	16472	20377	13341
"228"	20377	13341	23279
"229"	13341	23279	38499
"230"	23279	38499	33076
"231"	38499	33076	16010
"232"	33076	16010	11989
"233"	16010	11989	16050
"234"	11989	16050	8961
"235"	16050	8961	16099
"236"	8961	16099	26449
"237"	16099	26449	12673
"238"	26449	12673	11344
"239"	12673	11344	7278.7
"240"	11344	7278.7	10607
"241"	7278.7	10607	10168
"242"	10607	10168	10937
"243"	10168	10937	10509
"244"	10937	10509	7701.6
"245"	10509	7701.6	11460
"246"	7701.6	11460	20309
"247"	11460	20309	7379
"248"	20309	7379	3778
"249"	7379	3778	6173.4
"250"	3778	6173.4	7578.1
"251"	6173.4	7578.1	6174
"252"	7578.1	6174	5945.7
"253"	6174	5945.7	9821.4
"254"	5945.7	9821.4	9813.2
"255"	9821.4	9813.2	2432.7
"256"	9813.2	2432.7	1978.3
"257"	2432.7	1978.3	1039.1
"258"	1978.3	1039.1	1817.3
"259"	1039.1	1817.3	13045
"260"	1817.3	13045	8052.3
"261"	13045	8052.3	2991.6
"262"	8052.3	2991.6	4889
"263"	2991.6	4889	10874
"264"	4889	10874	6632.4
"265"	10874	6632.4	8463.6
"266"	6632.4	8463.6	5464.3
"267"	8463.6	5464.3	6076.3
"268"	5464.3	6076.3	6726.3
"269"	6076.3	6726.3	13860
"270"	6726.3	13860	29049
"271"	13860	29049	11384
"272"	29049	11384	11425
"273"	11384	11425	6584
"274"	11425	6584	1980.1
"275"	6584	1980.1	4091.6
"276"	1980.1	4091.6	3405.1
"277"	4091.6	3405.1	1804.8
"278"	3405.1	1804.8	1074.8
"279"	1804.8	1074.8	1646.1
"280"	1074.8	1646.1	3062
"281"	1646.1	3062	1245.3
"282"	3062	1245.3	728.22
"283"	1245.3	728.22	884.54
"284"	728.22	884.54	959.71
"285"	884.54	959.71	1583.6
"286"	959.71	1583.6	2312.9
"287"	1583.6	2312.9	6306.6
"288"	2312.9	6306.6	3301.7
"289"	6306.6	3301.7	2144.8
"290"	3301.7	2144.8	3243.5
"291"	2144.8	3243.5	6440.3
"292"	3243.5	6440.3	3380.6
"293"	6440.3	3380.6	9400.7
"294"	3380.6	9400.7	4076.5
"295"	9400.7	4076.5	4395.5
"296"	4076.5	4395.5	4324.1
"297"	4395.5	4324.1	7331.3
"298"	4324.1	7331.3	13403
"299"	7331.3	13403	6800
"300"	13403	6800	3238.3
"301"	6800	3238.3	2372.8
"302"	3238.3	2372.8	2875.3
"303"	2372.8	2875.3	892.23
"304"	2875.3	892.23	1331.8
"305"	892.23	1331.8	1753.9
"306"	1331.8	1753.9	3811.3
"307"	1753.9	3811.3	994.41
"308"	3811.3	994.41	1150.1
"309"	994.41	1150.1	853.86
"310"	1150.1	853.86	2728.1
"311"	853.86	2728.1	8096.1
"312"	2728.1	8096.1	5355.4
"313"	8096.1	5355.4	8700.7
"314"	5355.4	8700.7	6084
"315"	8700.7	6084	5444.1
"316"	6084	5444.1	2061.2
"317"	5444.1	2061.2	2517.1
"318"	2061.2	2517.1	2491.6
"319"	2517.1	2491.6	3915.2
"320"	2491.6	3915.2	743.03
"321"	3915.2	743.03	407.47
"322"	743.03	407.47	325.45
"323"	407.47	325.45	278.01
"324"	325.45	278.01	330.14
"325"	278.01	330.14	511.89
"326"	330.14	511.89	936.03
"327"	511.89	936.03	1007.2
"328"	936.03	1007.2	945.96
"329"	1007.2	945.96	1158.7
"330"	945.96	1158.7	1445.6
"331"	1158.7	1445.6	1207.5
"332"	1445.6	1207.5	973.38
"333"	1207.5	973.38	381.22
"334"	973.38	381.22	450.19
"335"	381.22	450.19	494.07
"336"	450.19	494.07	465.52
"337"	494.07	465.52	290.15
"338"	465.52	290.15	296.62
"339"	290.15	296.62	791.18
"340"	296.62	791.18	737.54
"341"	791.18	737.54	843.47
"342"	737.54	843.47	1223
"343"	843.47	1223	1436.5
"344"	1223	1436.5	1455.9
"345"	1436.5	1455.9	2518.4
"346"	1455.9	2518.4	1741.8
"347"	2518.4	1741.8	2488.5
"348"	1741.8	2488.5	2662
"349"	2488.5	2662	2733.1
"350"	2662	2733.1	6160.4
"351"	2733.1	6160.4	7532.2
"352"	6160.4	7532.2	10635
"353"	7532.2	10635	6804.7
"354"	10635	6804.7	5639.5
"355"	6804.7	5639.5	26694
"356"	5639.5	26694	18887
"357"	26694	18887	7343.6
"358"	18887	7343.6	7515.5
"359"	7343.6	7515.5	11529
"360"	7515.5	11529	8350.6
"361"	11529	8350.6	3266.3
"362"	8350.6	3266.3	11078
"363"	3266.3	11078	15305
"364"	11078	15305	26815
"365"	15305	26815	18212
"366"	26815	18212	21683
"367"	18212	21683	12913
"368"	21683	12913	4144.2
"369"	12913	4144.2	2486
"370"	4144.2	2486	4052.6
"371"	2486	4052.6	912.07
"372"	4052.6	912.07	1982.5
"373"	912.07	1982.5	1362
"374"	1982.5	1362	1989.9
"375"	1362	1989.9	1139.1
"376"	1989.9	1139.1	1234.4
"377"	1139.1	1234.4	602.92
"378"	1234.4	602.92	634.17
"379"	602.92	634.17	416.92
"380"	634.17	416.92	459.27
"381"	416.92	459.27	456.71
"382"	459.27	456.71	1050.3
"383"	456.71	1050.3	889.88
"384"	1050.3	889.88	679.24
"385"	889.88	679.24	807.13
"386"	679.24	807.13	1042.3
"387"	807.13	1042.3	1719.3
"388"	1042.3	1719.3	918.3
"389"	1719.3	918.3	2693.5
"390"	918.3	2693.5	947.17
"391"	2693.5	947.17	1473
"392"	947.17	1473	1300.9
"393"	1473	1300.9	1090.6
"394"	1300.9	1090.6	498.9
"395"	1090.6	498.9	630.9
"396"	498.9	630.9	1206.5
"397"	630.9	1206.5	589.8
"398"	1206.5	589.8	661.63
"399"	589.8	661.63	1294.3
"400"	661.63	1294.3	3654.2
"401"	1294.3	3654.2	2424.4
"402"	3654.2	2424.4	3935.9
"403"	2424.4	3935.9	7570.4
"404"	3935.9	7570.4	2559.2
"405"	7570.4	2559.2	1600.8
"406"	2559.2	1600.8	3552.3
"407"	1600.8	3552.3	2279.6
"408"	3552.3	2279.6	3466.7
"409"	2279.6	3466.7	3291
"410"	3466.7	3291	2168.5
"411"	3291	2168.5	1954.5
"412"	2168.5	1954.5	2950
"413"	1954.5	2950	711.09
"414"	2950	711.09	1973.5
"415"	711.09	1973.5	2448.2
"416"	1973.5	2448.2	1169.7
"417"	2448.2	1169.7	1180.9
"418"	1169.7	1180.9	1489.6
"419"	1180.9	1489.6	2107.1
"420"	1489.6	2107.1	1616.4
"421"	2107.1	1616.4	1957.9
"422"	1616.4	1957.9	4755.4
"423"	1957.9	4755.4	4354.2
"424"	4755.4	4354.2	6951.5
"425"	4354.2	6951.5	6150.4
"426"	6951.5	6150.4	16902
"427"	6150.4	16902	5167.1
"428"	16902	5167.1	4465.1
"429"	5167.1	4465.1	2838.9
"430"	4465.1	2838.9	2656.6
"431"	2838.9	2656.6	6745.2
"432"	2656.6	6745.2	1692.8
"433"	6745.2	1692.8	2294.7
"434"	1692.8	2294.7	1933.2
"435"	2294.7	1933.2	3404.6
"436"	1933.2	3404.6	2591.9
"437"	3404.6	2591.9	1589.5
"438"	2591.9	1589.5	2486.8
"439"	1589.5	2486.8	1969.3
"440"	2486.8	1969.3	1371.5
"441"	1969.3	1371.5	903.53
"442"	1371.5	903.53	1781.2
"443"	903.53	1781.2	830.33
"444"	1781.2	830.33	332.54
"445"	830.33	332.54	2972.6
"446"	332.54	2972.6	601.76
"447"	2972.6	601.76	1907.8
"448"	601.76	1907.8	1154.8
"449"	1907.8	1154.8	1544.1
"450"	1154.8	1544.1	3221.8
"451"	1544.1	3221.8	590.42
"452"	3221.8	590.42	388.74
"453"	590.42	388.74	887.36
"454"	388.74	887.36	2114.3
"455"	887.36	2114.3	897.29
"456"	2114.3	897.29	546.26
"457"	897.29	546.26	535.34
"458"	546.26	535.34	837.42
"459"	535.34	837.42	478.61
"460"	837.42	478.61	701.64
"461"	478.61	701.64	519.24
"462"	701.64	519.24	550.04
"463"	519.24	550.04	774.78
"464"	550.04	774.78	470.69
"465"	774.78	470.69	947.45
"466"	470.69	947.45	562.25
"467"	947.45	562.25	2059.9
"468"	562.25	2059.9	2737.2
"469"	2059.9	2737.2	4121.8
"470"	2737.2	4121.8	5564.2
"471"	4121.8	5564.2	10533
"472"	5564.2	10533	2046.2
"473"	10533	2046.2	3790.3
"474"	2046.2	3790.3	7524.2
"475"	3790.3	7524.2	3801
"476"	7524.2	3801	2164.2
"477"	3801	2164.2	3421.5
"478"	2164.2	3421.5	2170.8
"479"	3421.5	2170.8	2951.9
"480"	2170.8	2951.9	1204
"481"	2951.9	1204	2338
"482"	1204	2338	2308.3
"483"	2338	2308.3	1627.4
"484"	2308.3	1627.4	1686.9
"485"	1627.4	1686.9	4187.7
"486"	1686.9	4187.7	11674
"487"	4187.7	11674	14719
"488"	11674	14719	6875.2
"489"	14719	6875.2	8644.1
"490"	6875.2	8644.1	6928.6
"491"	8644.1	6928.6	5537.7
"492"	6928.6	5537.7	11594
"493"	5537.7	11594	19218
"494"	11594	19218	10868
"495"	19218	10868	21956
"496"	10868	21956	31844
"497"	21956	31844	33439
"498"	31844	33439	8375.6
"499"	33439	8375.6	8011.5
"500"	8375.6	8011.5	4772.8
"501"	8011.5	4772.8	1643
"502"	4772.8	1643	980.37
"503"	1643	980.37	2047.4
"504"	980.37	2047.4	752.48
"505"	2047.4	752.48	1927.7
"506"	752.48	1927.7	2226.4
"507"	1927.7	2226.4	1513.2
"508"	2226.4	1513.2	975.59
"509"	1513.2	975.59	1211.7
"510"	975.59	1211.7	668.43
"511"	1211.7	668.43	2799.2
"512"	668.43	2799.2	3365.9
"513"	2799.2	3365.9	6269.9
"514"	3365.9	6269.9	6174.8
"515"	6269.9	6174.8	6421.1
"516"	6174.8	6421.1	7524.9
"517"	6421.1	7524.9	5221.3
"518"	7524.9	5221.3	7842.5
"519"	5221.3	7842.5	5227.4
"520"	7842.5	5227.4	2840.5
"521"	5227.4	2840.5	2059.6
"522"	2840.5	2059.6	5025.9
"523"	2059.6	5025.9	1320.4
"524"	5025.9	1320.4	723.56
"525"	1320.4	723.56	1274
"526"	723.56	1274	1353.7
"527"	1274	1353.7	413.07
"528"	1353.7	413.07	413.93
"529"	413.07	413.93	942.14
"530"	413.93	942.14	1690.6
"531"	942.14	1690.6	4404.6
"532"	1690.6	4404.6	7319.3
"533"	4404.6	7319.3	3509.6
"534"	7319.3	3509.6	6891.3
"535"	3509.6	6891.3	1977.6
"536"	6891.3	1977.6	5371.8
"537"	1977.6	5371.8	6250.9
"538"	5371.8	6250.9	2633.3
"539"	6250.9	2633.3	1802.2
"540"	2633.3	1802.2	3991.6
"541"	1802.2	3991.6	18527
"542"	3991.6	18527	18251
"543"	18527	18251	11400
"544"	18251	11400	6319.7
"545"	11400	6319.7	4723
"546"	6319.7	4723	2373.5
"547"	4723	2373.5	4334.8
"548"	2373.5	4334.8	2820.8
"549"	4334.8	2820.8	2953.9
"550"	2820.8	2953.9	2117.8
"551"	2953.9	2117.8	2365.3
"552"	2117.8	2365.3	1684.2
"553"	2365.3	1684.2	2968.5
"554"	1684.2	2968.5	1160.9
"555"	2968.5	1160.9	829.67
"556"	1160.9	829.67	1795.1
"557"	829.67	1795.1	1210.2
"558"	1795.1	1210.2	2400.9
"559"	1210.2	2400.9	5099.7
"560"	2400.9	5099.7	1804.1
"561"	5099.7	1804.1	1946
"562"	1804.1	1946	1983.4
"563"	1946	1983.4	4133.5
"564"	1983.4	4133.5	9863.2
"565"	4133.5	9863.2	5654.5
"566"	9863.2	5654.5	7082.4
"567"	5654.5	7082.4	3616.5
"568"	7082.4	3616.5	2774
"569"	3616.5	2774	10355
"570"	2774	10355	6114.7
"571"	10355	6114.7	1728.6
"572"	6114.7	1728.6	2996.2
"573"	1728.6	2996.2	1051.8
"574"	2996.2	1051.8	1351
"575"	1051.8	1351	2507.6
"576"	1351	2507.6	3585.6
"577"	2507.6	3585.6	8124.9
"578"	3585.6	8124.9	3893.1
"579"	8124.9	3893.1	6088.1
"580"	3893.1	6088.1	4666.9
"581"	6088.1	4666.9	5999.2
"582"	4666.9	5999.2	10913
"583"	5999.2	10913	5588.9
"584"	10913	5588.9	2432.1
"585"	5588.9	2432.1	1745.8
"586"	2432.1	1745.8	1385
"587"	1745.8	1385	3974.3
"588"	1385	3974.3	2864.7
"589"	3974.3	2864.7	3350.8
"590"	2864.7	3350.8	9817.6
"591"	3350.8	9817.6	4466.9
"592"	9817.6	4466.9	4631.6
"593"	4466.9	4631.6	9978.3
"594"	4631.6	9978.3	10375
"595"	9978.3	10375	4980.1
"596"	10375	4980.1	2808
"597"	4980.1	2808	6475.3
"598"	2808	6475.3	12641
"599"	6475.3	12641	4538.6
"600"	12641	4538.6	4288.3
"601"	4538.6	4288.3	8788.4
"602"	4288.3	8788.4	2780.8
"603"	8788.4	2780.8	5954.9
"604"	2780.8	5954.9	8900.7
"605"	5954.9	8900.7	4722.9
"606"	8900.7	4722.9	1590.5
"607"	4722.9	1590.5	2563.4
"608"	1590.5	2563.4	1921.2
"609"	2563.4	1921.2	1091.8
"610"	1921.2	1091.8	1043.2
"611"	1091.8	1043.2	1110.4
"612"	1043.2	1110.4	2303.7
"613"	1110.4	2303.7	1536
"614"	2303.7	1536	1362.8
"615"	1536	1362.8	1804.3
"616"	1362.8	1804.3	1428.7
"617"	1804.3	1428.7	2691.7
"618"	1428.7	2691.7	2501.8
"619"	2691.7	2501.8	1383.7
"620"	2501.8	1383.7	2685.5
"621"	1383.7	2685.5	2731.7
"622"	2685.5	2731.7	3659.9
"623"	2731.7	3659.9	3678.6
"624"	3659.9	3678.6	10157
"625"	3678.6	10157	6418.2
"626"	10157	6418.2	3308.2
"627"	6418.2	3308.2	2519.2
"628"	3308.2	2519.2	2202.4
"629"	2519.2	2202.4	1730.9
"630"	2202.4	1730.9	1361.3
"631"	1730.9	1361.3	1402
"632"	1361.3	1402	1615.1
"633"	1402	1615.1	1008.9
"634"	1615.1	1008.9	394.97
"635"	1008.9	394.97	188.53
"636"	394.97	188.53	246.13
"637"	188.53	246.13	447.37
"638"	246.13	447.37	278.93
